snp	chr	pos	beta	SE
rs5764981	22	44780466	0.9864	20.12066978
rs9611883	22	43158867	0.9939	19.96700509
rs3827321	22	24464377	1.01	20.18865611
rs6006973	22	45665663	1.007	20.1286898
rs4823361	22	44772422	1.006	20.00832434
rs2186366	22	24254113	1.006	19.95851037
rs4820294	22	38071043	0.9935	19.61285725
rs7510953	22	44703234	1.006	19.76170736
rs9624586	22	25160785	1.007	19.54049289
rs421390	22	21438417	0.9936	19.09446919
rs5753965	22	32713762	1.007	19.25908387
rs4822917	22	27975451	0.9933	18.77177832
rs5755486	22	35386401	0.9897	18.57159393
rs408656	22	18263268	1.006	18.78895837
rs1633445	22	20100596	0.9922	17.8612662
rs2858534	22	49676609	0.9932	17.87926788
rs5760575	22	25079925	1.007	18.04613424
rs9609128	22	31259530	1.007	17.96530686
rs4820585	22	24744079	0.9932	17.52289461
rs132274	22	29525126	0.993	17.44210533
rs133937	22	33395851	1.007	17.68801618
rs11704609	22	46251927	1.007	17.53336794
rs4822712	22	26759177	0.993	17.06578701
rs762064	22	27974819	1.009	17.34076444
rs140104	22	30129156	0.9931	16.99417162
rs17722827	22	36030165	1.015	17.03945579
rs2236620	22	24222710	0.9929	16.59847735
rs738993	22	32437340	1.013	16.48466641
rs738160	22	27444637	1.008	16.30335745
rs4822024	22	41757647	1.009	16.31953142
rs5992495	22	19882984	1.009	16.28645376
rs467998	22	18582650	0.9878	15.84789405
rs5750496	22	22440788	1.008	15.97881752
rs5758965	22	43226599	0.9922	15.6349806
rs2267135	22	29767034	1.008	15.75920722
rs5768023	22	48221619	1.011	15.47193098
rs6007919	22	46525794	0.992	14.95125038
rs6008538	22	46685963	1.011	15.0664735
rs8135014	22	28046561	0.989	14.71107873
rs16993202	22	45353413	0.9865	14.59209561
rs165599	22	19956781	1.009	14.78752312
rs7288807	22	45629446	0.9919	14.35194379
rs5753950	22	32699673	1.008	14.55843294
rs131147	22	48552163	1.008	14.55843294
rs5753158	22	30855697	1.009	14.4678667
rs130347	22	43076809	1.008	14.45352788
rs6007594	22	45728370	0.9906	14.15303918
rs3788643	22	45686090	0.9891	14.08105549
rs1555242	22	43779867	0.9919	14.07058169
rs2076040	22	32729530	1.012	14.22890551
rs9610672	22	37619021	1.012	14.2038123
rs1125250	22	28984447	0.9899	13.86917121
rs5759291	22	43736392	0.9918	13.84703684
rs137098	22	42988117	0.9876	13.71620997
rs11541479	22	19906511	0.9883	13.65444275
rs9612740	22	25099115	0.9898	13.6043093
rs136526	22	27245137	0.9907	13.54648659
rs7288869	22	50015327	0.9914	13.53280425
rs739365	22	51140316	0.9908	13.52461413
rs5995259	22	36611863	1.01	13.73955991
rs4822799	22	27191942	1.009	13.47258897
rs713812	22	27443584	1.011	13.32045439
rs7410537	22	50317330	1.012	13.20244114
rs4820921	22	31378447	0.99	12.85220279
rs9613768	22	29402832	0.9908	12.71731074
rs2267597	22	44427612	1.013	12.98131021
rs5750806	22	39767011	1.01	12.90129806
rs16997104	22	47968920	1.013	12.91887298
rs140524	22	50960682	0.9876	12.59494467
rs713829	22	37386920	0.9898	12.54256274
rs5996834	22	25483921	1.012	12.76287738
rs16991717	22	33445757	1.018	12.81822196
rs1004529	22	44452318	1.013	12.75526409
rs4597638	22	19902526	0.9786	12.28322232
rs4820125	22	34332195	1.014	12.68751144
rs730669	22	20201954	0.9901	12.36900745
rs5997872	22	31491332	1.012	12.62276994
rs9614726	22	46024638	1.033	12.68574397
rs5998278	22	32565036	0.9904	12.14384205
rs4819778	22	19134083	0.9904	11.97762216
rs6005414	22	27783185	0.9902	11.97520342
rs7289240	22	29854959	0.9903	11.95822527
rs4244607	22	49078382	1.012	12.20173061
rs5768827	22	46887918	1.011	12.09794857
rs2284078	22	40363778	1.013	12.10366508
rs6001931	22	40877514	1.017	12.06083359
rs4253801	22	46631660	1.047	12.39811693
rs5766305	22	45415412	0.9873	11.60475147
rs12159805	22	49874509	1.025	11.99467543
rs2301492	22	26266939	0.9894	11.51030535
rs5994328	22	31046587	1.01	11.73278746
rs1941129	22	26654236	0.9879	11.45931418
rs202916	22	34681163	1.01	11.69859602
rs5751862	22	24802564	0.9896	11.44562997
rs4822360	22	23482460	1.011	11.64232097
rs4822859	22	27508858	0.9878	11.37515792
rs5998746	22	33528710	1.01	11.61397977
rs7289943	22	32848703	1.01	11.56379285
rs738085	22	20777672	0.9889	11.2091851
rs1557554	22	44763277	1.011	11.42709433
rs738491	22	44354111	1.012	11.42215303
rs9614891	22	44737646	0.9889	11.14560154
rs5749581	22	33624845	0.9893	11.08721531
rs2228236	22	20761063	1.014	11.34802829
rs5764627	22	43986515	1.012	11.29383641
rs115525	22	25112325	0.9886	10.97106563
rs761906	22	47138659	0.9884	10.96884611
rs136723	22	45916679	1.011	11.20400452
rs7284214	22	34326399	0.9802	10.83246152
rs6537639	22	50633686	0.9856	10.87701108
rs9608581	22	27533998	1.011	11.12641771
rs42931	22	30960412	1.011	11.12641771
rs5754729	22	34267278	0.9888	10.85203776
rs5751800	22	21075537	1.011	11.08037719
rs4547623	22	37992704	0.9887	10.83597322
rs5759632	22	20982876	1.014	11.03713469
rs877908	22	37464624	1.011	10.89994797
rs1041887	22	44771763	1.013	10.90670945
rs5770690	22	49380656	1.015	10.76771095
rs394409	22	23266118	0.9888	10.36517437
rs5760364	22	24755025	1.038	10.88091727
rs17004936	22	24880174	1.038	10.88091727
rs4822752	22	27011420	1.011	10.54223224
rs5751457	22	43655427	0.9875	10.28368356
rs7287557	22	27988228	0.9865	10.2598168
rs165656	22	19948863	1.012	10.4294161
rs9306281	22	34013807	0.9878	10.18001702
rs5771622	22	49027446	0.9831	10.10535168
rs5754217	22	21939675	0.9855	10.116926
rs228973	22	37541812	0.9882	10.10545161
rs4988394	22	43516133	0.9843	10.05262393
rs2238834	22	51039778	1.012	10.28262159
rs134176	22	28624319	1.012	10.20427211
rs743749	22	37398195	0.9854	9.898344223
rs104974	22	41651034	1.012	10.16554126
rs4822461	22	24268120	1.016	10.10345235
rs9306493	22	45682425	0.966	9.594216875
rs739043	22	37645230	0.988	9.788226204
rs242885	22	34423169	0.955	9.449498344
rs5765043	22	45231883	0.9835	9.599864029
rs9625200	22	27700318	1.017	9.914661823
rs17807317	22	17680519	1.012	9.805693943
rs5764726	22	45826033	0.9869	9.550829048
rs362059	22	35458222	0.9882	9.551762434
rs132647	22	36551158	1.013	9.779563833
rs7511620	22	50307932	0.984	9.442163843
rs6005042	22	26801287	1.012	9.687415136
rs2103514	22	39232459	1.012	9.687415136
rs2413583	22	39659773	0.9842	9.421298396
rs5771109	22	50678571	0.9875	9.407493377
rs9606916	22	32567306	1.014	9.636807895
rs9680657	22	36926927	1.015	9.577481418
rs5767477	22	47479174	0.9873	9.316105817
rs2839705	22	42866614	1.014	9.500252004
rs10854693	22	37252010	0.9873	9.228300854
rs9614985	22	45320631	0.9875	9.133316716
rs7291756	22	30326102	1.014	9.324053322
rs714026	22	35927461	0.9869	9.022559235
rs2239781	22	36705041	0.9838	8.983862304
rs5756471	22	37404249	0.9871	9.013997235
rs9617083	22	50560769	0.9852	8.99664682
rs1015471	22	19878514	1.015	9.101094073
rs874827	22	46846881	1.015	9.090814048
rs875643	22	24233998	0.9867	8.817426386
rs133693	22	48768431	1.014	9.041007522
rs5747122	22	17903914	1.071	9.517122343
rs135477	22	32935172	0.9861	8.723573344
rs5996945	22	25875573	1.025	9.027409463
rs2281094	22	37535471	1.015	8.880141698
rs12628085	22	27362767	1.019	8.905308478
rs3819671	22	34226685	0.9863	8.553519568
rs5750031	22	35413447	0.9208	7.976753969
rs4822652	22	26180196	0.9864	8.535707577
rs5992854	22	18300240	0.9863	8.470104825
rs1569950	22	28103259	1.016	8.687503679
rs174764	22	29721161	0.9858	8.402074035
rs739363	22	39760883	1.015	8.650948616
rs9605179	22	17412216	1.014	8.605400875
rs13053651	22	17961525	1.014	8.596193888
rs11570734	22	38518622	0.986	8.349889896
rs5756202	22	36870845	1.019	8.610941862
rs2071815	22	44778738	0.984	8.288657245
rs133651	22	48717026	0.986	8.270331438
rs5759015	22	43291529	1.015	8.486620307
rs5752040	22	25397740	1.024	8.55284402
rs7511306	22	44700587	1.017	8.467593382
rs6006941	22	45523391	1.015	8.415558863
rs7285550	22	43103684	0.9858	8.15638073
rs5765408	22	45886764	0.9805	8.087185565
rs760991	22	46854398	1.017	8.388238368
rs1005640	22	20789074	1.015	8.345669139
rs2413692	22	42896474	1.019	8.369869092
rs131853	22	47763158	1.014	8.328800058
rs5768412	22	48567467	0.9848	8.088956901
rs7287595	22	25208398	1.016	8.276554147
rs139661	22	25241381	0.9825	7.954556634
rs5761863	22	27348456	1.02	8.258165666
rs5752628	22	28135297	1.015	8.217684462
rs6000120	22	36478027	1.017	8.200337075
rs2070464	22	24183875	1.016	8.167320876
rs4821592	22	37558279	0.9858	7.908492413
rs733571	22	49090308	1.017	8.158791625
rs5761487	22	26738225	0.9821	7.8708339
rs5769520	22	49671776	0.9844	7.865380017
rs5747297	22	18115392	0.9851	7.831451037
rs738722	22	29130012	0.983	7.814756237
rs13054267	22	27762566	1.019	8.092825223
rs8136069	22	36722490	0.984	7.783619661
rs2688080	22	49698938	0.9834	7.778873551
rs7511209	22	33030026	1.06	8.368068041
rs710175	22	32909401	1.019	8.004478085
rs5770011	22	49592809	0.984	7.714231821
rs4821089	22	33118165	1.024	8.011945239
rs1980455	22	38925719	1.016	7.949351917
rs9613353	22	27440291	0.9836	7.680661656
rs9614037	22	30121285	0.9832	7.677538166
rs4401302	22	33740860	1.015	7.894694667
rs5768857	22	46900462	0.9809	7.614494902
rs4075230	22	49273804	1.018	7.894748432
rs1339959	22	21005697	1.019	7.887043486
rs134949	22	27523864	1.026	7.925717352
rs738247	22	42190309	1.016	7.810340311
rs239927	22	22330082	1.016	7.780101114
rs5766105	22	45247175	1.017	7.780227731
rs5756763	22	38079239	1.016	7.757573637
rs1043242	22	21306743	0.9831	7.378164395
rs133263	22	25809371	1.021	7.640849823
rs5771131	22	50478828	0.9842	7.337672896
rs8142661	22	26179312	0.9842	7.296394456
rs5761776	22	27227219	1.017	7.4764613
rs491508	22	34152899	1.017	7.469515069
rs738744	22	48231357	0.9831	7.220531234
rs2342936	22	27760796	0.9827	7.204206458
rs9619407	22	34589966	0.9822	7.200540942
rs435788	22	34735373	1.016	7.42766416
rs2138156	22	45569845	1.018	7.442285546
rs9617814	22	19609943	1.02	7.436273604
rs677499	22	26681640	1.016	7.400285957
rs2016485	22	34086416	1.017	7.393942041
rs6010121	22	50947611	1.055	7.663166071
rs9623468	22	42281294	1.04	7.512781938
rs132405	22	45130428	0.983	7.05587304
rs5750306	22	37170915	0.9817	7.033762765
rs5755405	22	35297311	0.9828	7.028896673
rs6008843	22	46525178	1.019	7.287795797
rs135712	22	38658633	0.9825	6.988793058
rs9306194	22	17915430	1.026	7.252508088
rs4823142	22	44188948	1.017	7.144136643
rs241900	22	33279237	0.9807	6.883017736
rs9615661	22	48291577	1.027	7.163411947
rs9612248	22	23492236	1.018	7.088115118
rs9611204	22	40010383	0.9838	6.849987871
rs10483100	22	19085202	1.02	7.009325898
rs9340	22	22115353	1.017	6.988710234
rs17003058	22	42811101	1.022	7.004777641
rs5771710	22	49074301	1.026	7.001796972
rs2281097	22	37966060	1.018	6.893559794
rs9617857	22	19990789	1.025	6.91722048
rs8143081	22	22262369	0.9812	6.593443027
rs738516	22	37087493	0.981	6.558586354
rs11704481	22	45732328	1.018	6.794439373
rs5755730	22	35828300	1.017	6.770582028
rs7292126	22	20896926	1.018	6.771525239
rs6518958	22	35949334	1.02	6.756344309
rs9625600	22	29244395	0.9755	6.456160982
rs713718	22	30314092	0.9821	6.499841825
rs139654	22	25234890	0.9777	6.454474788
rs130559	22	33188536	1.022	6.746929768
rs4823003	22	29410232	1.018	6.714902929
rs7285976	22	20740778	1.02	6.711257664
rs362043	22	18596449	1.019	6.687939916
rs13058031	22	29273966	0.9731	6.381376746
rs5753959	22	32710985	1.018	6.664737341
rs139013	22	43624305	0.9807	6.415212522
rs5751574	22	23416005	0.9787	6.365168326
rs5752182	22	25951739	1.036	6.732277263
rs3213557	22	37678565	0.9825	6.37935865
rs4822354	22	23431763	1.02	6.606524045
rs882432	22	26347844	1.032	6.678761184
rs9625066	22	27068702	0.9796	6.324072095
rs5998196	22	32355455	1.019	6.567672992
rs4988406	22	43518324	1.023	6.555931756
rs4822768	22	27070749	1.019	6.524992553
rs16982400	22	17897544	1.026	6.559158527
rs2349623	22	44943401	0.9809	6.25561462
rs9626831	22	48775136	1.024	6.519929787
rs2235338	22	37965880	1.019	6.456793539
rs1034727	22	19097700	0.9799	6.179226068
rs738374	22	31212641	1.022	6.444707666
rs2329884	22	22282263	0.9813	6.163389245
rs5771904	22	49054502	1.024	6.431581154
rs13053916	22	27460810	0.9758	6.114220902
rs738211	22	27659629	0.9794	6.127031224
rs5765896	22	44744080	1.024	6.40604449
rs133658	22	48722383	1.025	6.412300393
rs5996855	22	25589256	0.9808	6.092242526
rs490362	22	27731470	0.9807	6.08682095
rs2413689	22	42805895	0.9686	6.002260685
rs2330452	22	23754578	0.9724	6.006902083
rs135938	22	44812036	1.02	6.300946241
rs5752370	22	27031721	1.021	6.267787117
rs1669125	22	22027348	0.9781	5.990417488
rs743035	22	47098969	1.019	6.216730205
rs137160	22	43947103	0.9793	5.965281902
rs1076102	22	17658341	1.019	6.183185502
rs8138156	22	46855322	1.021	6.195321292
rs135976	22	44828077	0.9803	5.934632565
rs5764236	22	44114861	0.981	5.929748186
rs5752388	22	27109475	0.9774	5.894406215
rs12628583	22	43989444	1.028	6.171184007
rs5769118	22	47124827	0.9798	5.881834718
rs5755038	22	34811838	1.029	6.144372379
rs738203	22	32607074	1.024	6.109879209
rs5760764	22	25364707	1.028	6.124456286
rs12157904	22	37982012	1.08	6.424523246
rs3761442	22	38003070	1.08	6.424523246
rs11089512	22	31884033	1.035	6.152182694
rs5753904	22	32667507	0.98	5.807701058
rs916294	22	44791343	1.02	6.017546891
rs886319	22	20903410	0.9777	5.759355329
rs2073454	22	22517479	0.98	5.772903981
rs133945	22	33402843	1.021	6.00992191
rs5756562	22	37611807	0.9802	5.769760486
rs5754137	22	32935425	0.98	5.764268838
rs169467	22	34745198	1.021	6.000938759
rs4821506	22	36994063	1.022	5.988911613
rs2072549	22	21385843	1.024	5.978354645
rs5994705	22	33647908	0.9776	5.682143913
rs7289310	22	49505505	0.9779	5.683887615
rs174289	22	17973664	1.02	5.915466258
rs6006753	22	45846472	1.025	5.944463641
rs12165584	22	37359961	1.043	6.03994218
rs16990808	22	32994093	1.064	6.157015904
rs135676	22	47091321	1.025	5.926972549
rs9614653	22	45767391	0.9691	5.579108896
rs5761743	22	27170725	0.9798	5.624229064
rs5765622	22	46182756	1.026	5.876547848
rs5759802	22	23779822	1.047	5.988098702
rs20195	22	43857328	0.9735	5.535495869
rs566185	22	27567320	1.024	5.814231497
rs5761655	22	27038853	1.022	5.798684533
rs848752	22	49725719	0.9772	5.516603105
rs4821409	22	35925430	1.023	5.771010785
rs5757166	22	38995385	1.023	5.766868837
rs2038326	22	26189026	1.023	5.758602474
rs5751614	22	23593051	1.021	5.743227831
rs470039	22	47573257	1.021	5.730913445
rs2157258	22	36342390	0.9785	5.484519034
rs1569496	22	39665201	0.9792	5.484527895
rs5761221	22	26201172	0.9774	5.447246646
rs916256	22	43620619	0.9793	5.457835728
rs5999224	22	34549495	1.025	5.700391631
rs5767791	22	47937655	1.026	5.693852468
rs715555	22	33288875	1.022	5.667647599
rs4823353	22	44769535	1.027	5.663366437
rs139816	22	50138633	0.9696	5.346835538
rs8142296	22	33771672	0.967	5.325015072
rs4501042	22	42245763	0.9768	5.367682143
rs4422244	22	45003748	0.975	5.357790837
